00000000000000000000000000000000000000000000000000
11000000000000000000000000000000000000000000000000
11100000000000000000000000000000000000000000001100
10100000000000000000000000000000000000001000000110
00000000000000000000000000000000000000010100110100
00000000000000000000000000000000000010111000100000
00000000000000000000000000000000000001110000101000
00000000000000000000000000000000000000100000011000
00000000000000000000000000000000000000000000000000
00000000000000000000000000000000000000000000000000
00000000000000000000000000000000000000000000000000
00000000000000000000111000000000000000000000000000
00000000000000000000000000000000000000000000000000
00000000000000000010000010000000000000000000000000
00000000000000000010000010000000000000000000000000
00000000000000000010000010000000000000000000000000
00000000000000000000000000000000000000000000000000
00000000000000000000111000000000000000000000000000
00000000000000000000000000000000000000000000000000
00000000000000000000000000000000000000000000000000
11001010000000000000000000000000000000000000000000
11010001000000000000000000000000000000000000000001
00000010000000000000000000000000000000000000000011
01111100001001000000000000000000000000000000000001
11110000001000000000000000000000000000000000000000
00100000000000010000000000000000000000000000000000
00000000000000011000000000000000000000000000000000
00000000001000001000000000000000000000000000000000
00010000000001100000000000000000000000000000000000
00110000001110100000000000000000000000000000000000
11110011010010000010000000000000000000000000000000
01000111000110001001000000000000000000000000000001
01100000011000000110000000000000000000000000000001
00110001100000000000000000000000000000000000000000
00011001000000000000000000000000000000000000000000
00000000000000000000000000000000000000000000000000
00000000000000000000000000000000000000000000000011
10000000000000000000000000000000000000000000000000
01000000000000000000000000000000000000000001000000
10000110000000000000000000000000000000000010100010
00000110000000000000000000000000000000000010100010
11000000000000000000000000000000000111000001000001
00110000000000000000000000000000000000000000000000
10001000000000000000000000000000000000000000000001
01110000000000000000000000000000000000000000000000
00100000000000000000000000000000000000000000000000
00000000000000000110000000000000000000000000000000
00000000000000000110000000000000000000000001100000
00000000000000000000000000000000000000011001100000
00000000000000000000000000000000000000011000000000
