00000000000000
00000000000000
00000000110000
00000000110000
00000000000000
00000000000000
00000000000000
00000000000000
00000000000000
00000000000000
00000000000000
00000000000000
00000000111000
00000001000100
00000010000010
00000010000010
00000000010000
00000001000100
00000000111000
00000000010000
00000000000000
00000000000000
00000011100000
00000011100000
00000100010000
00000000000000
00001100011000
00000000000000
00000000000000
00000000000000
00000000000000
00000000000000
00000000000000
00000000000000
00000000000000
00000000000000
00000011000000
00000011000000
00000000000000
00000000000000
00000000000000
00000000000000
